v -6.123233995736766e-17 -1.0 -0.0
v -5.914589856893349e-17 -1.0 -1.5848095757158825e-17
v -5.3028761936245346e-17 -1.0 -3.0616169978683824e-17
v -4.329780281177467e-17 -1.0 -4.329780281177467e-17
v -3.0616169978683836e-17 -1.0 -5.302876193624534e-17
v -1.5848095757158825e-17 -1.0 -5.914589856893349e-17
v -3.749399456654644e-33 -1.0 -6.123233995736766e-17
v 1.5848095757158815e-17 -1.0 -5.914589856893349e-17
v 3.061616997868382e-17 -1.0 -5.3028761936245346e-17
v 4.329780281177466e-17 -1.0 -4.329780281177467e-17
v 5.3028761936245346e-17 -1.0 -3.0616169978683824e-17
v 5.914589856893348e-17 -1.0 -1.584809575715884e-17
v 6.123233995736766e-17 -1.0 -7.498798913309288e-33
v 5.914589856893349e-17 -1.0 1.5848095757158828e-17
v 5.302876193624536e-17 -1.0 3.061616997868381e-17
v 4.329780281177469e-17 -1.0 4.329780281177464e-17
v 3.0616169978683855e-17 -1.0 5.3028761936245333e-17
v 1.5848095757158815e-17 -1.0 5.914589856893349e-17
v 1.1248198369963932e-32 -1.0 6.123233995736766e-17
v -1.5848095757158797e-17 -1.0 5.914589856893349e-17
v -3.0616169978683836e-17 -1.0 5.302876193624534e-17
v -4.329780281177465e-17 -1.0 4.3297802811774677e-17
v -5.302876193624533e-17 -1.0 3.0616169978683855e-17
v -5.914589856893348e-17 -1.0 1.5848095757158874e-17
v -6.123233995736766e-17 -1.0 1.4997597826618576e-32
v -0.13052619222005193 -0.9914448613738104 -0.0
v -0.12607862007251944 -0.9914448613738104 -0.03378266443126191
v -0.11303899832181574 -0.9914448613738104 -0.06526309611002595
v -0.0922959556412575 -0.9914448613738104 -0.0922959556412575
v -0.06526309611002598 -0.9914448613738104 -0.11303899832181573
v -0.03378266443126191 -0.9914448613738104 -0.12607862007251944
v -7.992424175358938e-18 -0.9914448613738104 -0.13052619222005193
v 0.0337826644312619 -0.9914448613738104 -0.12607862007251944
v 0.06526309611002594 -0.9914448613738104 -0.11303899832181574
v 0.09229595564125749 -0.9914448613738104 -0.0922959556412575
v 0.11303899832181574 -0.9914448613738104 -0.06526309611002595
v 0.1260786200725194 -0.9914448613738104 -0.03378266443126195
v 0.13052619222005193 -0.9914448613738104 -1.5984848350717876e-17
v 0.12607862007251944 -0.9914448613738104 0.03378266443126192
v 0.11303899832181576 -0.9914448613738104 0.06526309611002593
v 0.09229595564125756 -0.9914448613738104 0.09229595564125745
v 0.06526309611002602 -0.9914448613738104 0.11303899832181571
v 0.0337826644312619 -0.9914448613738104 0.12607862007251944
v 2.3977272526076812e-17 -0.9914448613738104 0.13052619222005193
v -0.033782664431261857 -0.9914448613738104 0.12607862007251944
v -0.06526309611002598 -0.9914448613738104 0.11303899832181573
v -0.09229595564125748 -0.9914448613738104 0.09229595564125753
v -0.1130389983218157 -0.9914448613738104 0.06526309611002602
v -0.12607862007251938 -0.9914448613738104 0.03378266443126202
v -0.13052619222005193 -0.9914448613738104 3.196969670143575e-17
v -0.25881904510252096 -0.9659258262890682 -0.0
v -0.2500000000000002 -0.9659258262890682 -0.06698729810778072
v -0.22414386804201356 -0.9659258262890682 -0.12940952255126045
v -0.18301270189221946 -0.9659258262890682 -0.18301270189221946
v -0.1294095225512605 -0.9659258262890682 -0.22414386804201353
v -0.06698729810778072 -0.9659258262890682 -0.2500000000000002
v -1.5848095757158837e-17 -0.9659258262890682 -0.25881904510252096
v 0.06698729810778069 -0.9659258262890682 -0.2500000000000002
v 0.12940952255126043 -0.9659258262890682 -0.22414386804201356
v 0.18301270189221944 -0.9659258262890682 -0.18301270189221946
v 0.22414386804201356 -0.9659258262890682 -0.12940952255126045
v 0.25000000000000017 -0.9659258262890682 -0.0669872981077808
v 0.25881904510252096 -0.9659258262890682 -3.1696191514317674e-17
v 0.2500000000000002 -0.9659258262890682 0.06698729810778074
v 0.2241438680420136 -0.9659258262890682 0.1294095225512604
v 0.18301270189221958 -0.9659258262890682 0.18301270189221935
v 0.1294095225512606 -0.9659258262890682 0.2241438680420135
v 0.06698729810778069 -0.9659258262890682 0.2500000000000002
v 4.754428727147651e-17 -0.9659258262890682 0.25881904510252096
v -0.0669872981077806 -0.9659258262890682 0.2500000000000002
v -0.1294095225512605 -0.9659258262890682 0.22414386804201353
v -0.1830127018922194 -0.9659258262890682 0.1830127018922195
v -0.22414386804201347 -0.9659258262890682 0.1294095225512606
v -0.25000000000000017 -0.9659258262890682 0.06698729810778094
v -0.25881904510252096 -0.9659258262890682 6.339238302863535e-17
v -0.38268343236508984 -0.9238795325112867 -0.0
v -0.36964381061438617 -0.9238795325112867 -0.09904576054128764
v -0.33141357403559185 -0.9238795325112867 -0.1913417161825449
v -0.27059805007309856 -0.9238795325112867 -0.27059805007309856
v -0.19134171618254497 -0.9238795325112867 -0.33141357403559185
v -0.09904576054128764 -0.9238795325112867 -0.36964381061438617
v -2.3432602026631496e-17 -0.9238795325112867 -0.38268343236508984
v 0.0990457605412876 -0.9238795325112867 -0.36964381061438617
v 0.19134171618254484 -0.9238795325112867 -0.33141357403559185
v 0.2705980500730985 -0.9238795325112867 -0.27059805007309856
v 0.33141357403559185 -0.9238795325112867 -0.1913417161825449
v 0.36964381061438617 -0.9238795325112867 -0.09904576054128773
v 0.38268343236508984 -0.9238795325112867 -4.686520405326299e-17
v 0.36964381061438617 -0.9238795325112867 0.09904576054128765
v 0.3314135740355919 -0.9238795325112867 0.1913417161825448
v 0.2705980500730987 -0.9238795325112867 0.2705980500730984
v 0.19134171618254509 -0.9238795325112867 0.3314135740355918
v 0.0990457605412876 -0.9238795325112867 0.36964381061438617
v 7.029780607989448e-17 -0.9238795325112867 0.38268343236508984
v -0.09904576054128746 -0.9238795325112867 0.3696438106143862
v -0.19134171618254497 -0.9238795325112867 0.33141357403559185
v -0.27059805007309845 -0.9238795325112867 0.2705980500730986
v -0.33141357403559174 -0.9238795325112867 0.19134171618254509
v -0.3696438106143861 -0.9238795325112867 0.09904576054128796
v -0.38268343236508984 -0.9238795325112867 9.373040810652598e-17
v -0.4999999999999999 -0.8660254037844387 -0.0
v -0.48296291314453405 -0.8660254037844387 -0.12940952255126034
v -0.43301270189221924 -0.8660254037844387 -0.24999999999999992
v -0.35355339059327373 -0.8660254037844387 -0.35355339059327373
v -0.25 -0.8660254037844387 -0.4330127018922192
v -0.12940952255126034 -0.8660254037844387 -0.48296291314453405
v -3.0616169978683824e-17 -0.8660254037844387 -0.4999999999999999
v 0.1294095225512603 -0.8660254037844387 -0.48296291314453405
v 0.24999999999999983 -0.8660254037844387 -0.43301270189221924
v 0.3535533905932737 -0.8660254037844387 -0.35355339059327373
v 0.43301270189221924 -0.8660254037844387 -0.24999999999999992
v 0.482962913144534 -0.8660254037844387 -0.12940952255126048
v 0.4999999999999999 -0.8660254037844387 -6.123233995736765e-17
v 0.48296291314453405 -0.8660254037844387 0.12940952255126037
v 0.4330127018922193 -0.8660254037844387 0.2499999999999998
v 0.3535533905932739 -0.8660254037844387 0.3535533905932735
v 0.25000000000000017 -0.8660254037844387 0.43301270189221913
v 0.1294095225512603 -0.8660254037844387 0.48296291314453405
v 9.184850993605146e-17 -0.8660254037844387 0.4999999999999999
v -0.12940952255126012 -0.8660254037844387 0.4829629131445341
v -0.25 -0.8660254037844387 0.4330127018922192
v -0.3535533905932736 -0.8660254037844387 0.3535533905932738
v -0.4330127018922191 -0.8660254037844387 0.25000000000000017
v -0.48296291314453393 -0.8660254037844387 0.12940952255126076
v -0.4999999999999999 -0.8660254037844387 1.224646799147353e-16
v -0.6087614290087208 -0.793353340291235 -0.0
v -0.5880183863281626 -0.793353340291235 -0.15755905175128307
v -0.5272028623656693 -0.793353340291235 -0.30438071450436033
v -0.4304593345768795 -0.793353340291235 -0.4304593345768795
v -0.30438071450436044 -0.793353340291235 -0.5272028623656693
v -0.15755905175128307 -0.793353340291235 -0.5880183863281626
v -3.727588677399493e-17 -0.793353340291235 -0.6087614290087208
v 0.157559051751283 -0.793353340291235 -0.5880183863281626
v 0.3043807145043603 -0.793353340291235 -0.5272028623656693
v 0.43045933457687946 -0.793353340291235 -0.4304593345768795
v 0.5272028623656693 -0.793353340291235 -0.30438071450436033
v 0.5880183863281625 -0.793353340291235 -0.15755905175128324
v 0.6087614290087208 -0.793353340291235 -7.455177354798985e-17
v 0.5880183863281626 -0.793353340291235 0.15755905175128312
v 0.5272028623656694 -0.793353340291235 0.3043807145043602
v 0.43045933457687974 -0.793353340291235 0.43045933457687924
v 0.30438071450436066 -0.793353340291235 0.5272028623656692
v 0.157559051751283 -0.793353340291235 0.5880183863281626
v 1.1182766032198478e-16 -0.793353340291235 0.6087614290087208
v -0.15755905175128282 -0.793353340291235 0.5880183863281627
v -0.30438071450436044 -0.793353340291235 0.5272028623656693
v -0.4304593345768794 -0.793353340291235 0.43045933457687957
v -0.5272028623656692 -0.793353340291235 0.30438071450436066
v -0.5880183863281625 -0.793353340291235 0.1575590517512836
v -0.6087614290087208 -0.793353340291235 1.491035470959797e-16
v -0.7071067811865477 -0.7071067811865475 -0.0
v -0.6830127018922195 -0.7071067811865475 -0.18301270189221935
v -0.6123724356957947 -0.7071067811865475 -0.3535533905932738
v -0.5000000000000001 -0.7071067811865475 -0.5000000000000001
v -0.3535533905932739 -0.7071067811865475 -0.6123724356957946
v -0.18301270189221935 -0.7071067811865475 -0.6830127018922195
v -4.3297802811774677e-17 -0.7071067811865475 -0.7071067811865477
v 0.18301270189221927 -0.7071067811865475 -0.6830127018922195
v 0.3535533905932737 -0.7071067811865475 -0.6123724356957947
v 0.5000000000000001 -0.7071067811865475 -0.5000000000000001
v 0.6123724356957947 -0.7071067811865475 -0.3535533905932738
v 0.6830127018922194 -0.7071067811865475 -0.18301270189221955
v 0.7071067811865477 -0.7071067811865475 -8.659560562354935e-17
v 0.6830127018922195 -0.7071067811865475 0.18301270189221938
v 0.6123724356957948 -0.7071067811865475 0.3535533905932736
v 0.5000000000000003 -0.7071067811865475 0.49999999999999983
v 0.3535533905932742 -0.7071067811865475 0.6123724356957946
v 0.18301270189221927 -0.7071067811865475 0.6830127018922195
v 1.29893408435324e-16 -0.7071067811865475 0.7071067811865477
v -0.18301270189221902 -0.7071067811865475 0.6830127018922195
v -0.3535533905932739 -0.7071067811865475 0.6123724356957946
v -0.5 -0.7071067811865475 0.5000000000000002
v -0.6123724356957945 -0.7071067811865475 0.3535533905932742
v -0.6830127018922193 -0.7071067811865475 0.18301270189221994
v -0.7071067811865477 -0.7071067811865475 1.731912112470987e-16
v -0.7933533402912352 -0.6087614290087207 -0.0
v -0.7663204807600037 -0.6087614290087207 -0.2053349539630727
v -0.6870641468694502 -0.6087614290087207 -0.3966766701456175
v -0.560985526796931 -0.6087614290087207 -0.560985526796931
v -0.3966766701456177 -0.6087614290087207 -0.68706414686945
v -0.2053349539630727 -0.6087614290087207 -0.7663204807600037
v -4.85788814390261e-17 -0.6087614290087207 -0.7933533402912352
v 0.20533495396307258 -0.6087614290087207 -0.7663204807600037
v 0.3966766701456174 -0.6087614290087207 -0.6870641468694502
v 0.5609855267969309 -0.6087614290087207 -0.560985526796931
v 0.6870641468694502 -0.6087614290087207 -0.3966766701456175
v 0.7663204807600036 -0.6087614290087207 -0.20533495396307289
v 0.7933533402912352 -0.6087614290087207 -9.71577628780522e-17
v 0.7663204807600037 -0.6087614290087207 0.20533495396307272
v 0.6870641468694503 -0.6087614290087207 0.39667667014561736
v 0.5609855267969313 -0.6087614290087207 0.5609855267969307
v 0.3966766701456179 -0.6087614290087207 0.6870641468694499
v 0.20533495396307258 -0.6087614290087207 0.7663204807600037
v 1.457366443170783e-16 -0.6087614290087207 0.7933533402912352
v -0.20533495396307233 -0.6087614290087207 0.7663204807600038
v -0.3966766701456177 -0.6087614290087207 0.68706414686945
v -0.5609855267969308 -0.6087614290087207 0.5609855267969311
v -0.6870641468694498 -0.6087614290087207 0.3966766701456179
v -0.7663204807600036 -0.6087614290087207 0.20533495396307333
v -0.7933533402912352 -0.6087614290087207 1.943155257561044e-16
v -0.8660254037844385 -0.5000000000000002 -0.0
v -0.8365163037378077 -0.5000000000000002 -0.22414386804201333
v -0.7499999999999999 -0.5000000000000002 -0.4330127018922192
v -0.6123724356957945 -0.5000000000000002 -0.6123724356957945
v -0.43301270189221935 -0.5000000000000002 -0.7499999999999998
v -0.22414386804201333 -0.5000000000000002 -0.8365163037378077
v -5.3028761936245333e-17 -0.5000000000000002 -0.8660254037844385
v 0.22414386804201322 -0.5000000000000002 -0.8365163037378077
v 0.4330127018922191 -0.5000000000000002 -0.7499999999999999
v 0.6123724356957944 -0.5000000000000002 -0.6123724356957945
v 0.7499999999999999 -0.5000000000000002 -0.4330127018922192
v 0.8365163037378077 -0.5000000000000002 -0.22414386804201356
v 0.8660254037844385 -0.5000000000000002 -1.0605752387249067e-16
v 0.8365163037378077 -0.5000000000000002 0.22414386804201336
v 0.75 -0.5000000000000002 0.433012701892219
v 0.6123724356957947 -0.5000000000000002 0.612372435695794
v 0.43301270189221963 -0.5000000000000002 0.7499999999999997
v 0.22414386804201322 -0.5000000000000002 0.8365163037378077
v 1.59086285808736e-16 -0.5000000000000002 0.8660254037844385
v -0.22414386804201294 -0.5000000000000002 0.8365163037378078
v -0.43301270189221935 -0.5000000000000002 0.7499999999999998
v -0.6123724356957942 -0.5000000000000002 0.6123724356957946
v -0.7499999999999997 -0.5000000000000002 0.43301270189221963
v -0.8365163037378076 -0.5000000000000002 0.22414386804201403
v -0.8660254037844385 -0.5000000000000002 2.1211504774498133e-16
v -0.9238795325112867 -0.3826834323650897 -0.0
v -0.8923991008325228 -0.3826834323650897 -0.23911761839433449
v -0.8001031451912656 -0.3826834323650897 -0.4619397662556433
v -0.6532814824381883 -0.3826834323650897 -0.6532814824381883
v -0.4619397662556435 -0.3826834323650897 -0.8001031451912655
v -0.23911761839433449 -0.3826834323650897 -0.8923991008325228
v -5.657130561438501e-17 -0.3826834323650897 -0.9238795325112867
v 0.2391176183943344 -0.3826834323650897 -0.8923991008325228
v 0.46193976625564315 -0.3826834323650897 -0.8001031451912656
v 0.6532814824381882 -0.3826834323650897 -0.6532814824381883
v 0.8001031451912656 -0.3826834323650897 -0.4619397662556433
v 0.8923991008325227 -0.3826834323650897 -0.23911761839433476
v 0.9238795325112867 -0.3826834323650897 -1.1314261122877003e-16
v 0.8923991008325228 -0.3826834323650897 0.23911761839433454
v 0.8001031451912657 -0.3826834323650897 0.4619397662556431
v 0.6532814824381886 -0.3826834323650897 0.6532814824381878
v 0.46193976625564376 -0.3826834323650897 0.8001031451912654
v 0.2391176183943344 -0.3826834323650897 0.8923991008325228
v 1.6971391684315505e-16 -0.3826834323650897 0.9238795325112867
v -0.2391176183943341 -0.3826834323650897 0.8923991008325229
v -0.4619397662556435 -0.3826834323650897 0.8001031451912655
v -0.6532814824381881 -0.3826834323650897 0.6532814824381884
v -0.8001031451912652 -0.3826834323650897 0.46193976625564376
v -0.8923991008325226 -0.3826834323650897 0.23911761839433526
v -0.9238795325112867 -0.3826834323650897 2.2628522245754005e-16
v -0.9659258262890683 -0.25881904510252063 -0.0
v -0.9330127018922194 -0.25881904510252063 -0.24999999999999997
v -0.8365163037378079 -0.25881904510252063 -0.4829629131445341
v -0.6830127018922194 -0.25881904510252063 -0.6830127018922194
v -0.48296291314453427 -0.25881904510252063 -0.8365163037378078
v -0.24999999999999997 -0.25881904510252063 -0.9330127018922194
v -5.914589856893349e-17 -0.25881904510252063 -0.9659258262890683
v 0.2499999999999999 -0.25881904510252063 -0.9330127018922194
v 0.48296291314453393 -0.25881904510252063 -0.8365163037378079
v 0.6830127018922193 -0.25881904510252063 -0.6830127018922194
v 0.8365163037378079 -0.25881904510252063 -0.4829629131445341
v 0.9330127018922193 -0.25881904510252063 -0.2500000000000003
v 0.9659258262890683 -0.25881904510252063 -1.1829179713786698e-16
v 0.9330127018922194 -0.25881904510252063 0.25000000000000006
v 0.836516303737808 -0.25881904510252063 0.4829629131445339
v 0.6830127018922197 -0.25881904510252063 0.683012701892219
v 0.4829629131445346 -0.25881904510252063 0.8365163037378077
v 0.2499999999999999 -0.25881904510252063 0.9330127018922194
v 1.7743769570680046e-16 -0.25881904510252063 0.9659258262890683
v -0.24999999999999956 -0.25881904510252063 0.9330127018922195
v -0.48296291314453427 -0.25881904510252063 0.8365163037378078
v -0.6830127018922192 -0.25881904510252063 0.6830127018922195
v -0.8365163037378076 -0.25881904510252063 0.4829629131445346
v -0.9330127018922192 -0.25881904510252063 0.2500000000000008
v -0.9659258262890683 -0.25881904510252063 2.3658359427573397e-16
v -0.9914448613738104 -0.1305261922200516 -0.0
v -0.9576621969425486 -0.1305261922200516 -0.25660481229257065
v -0.858616436401261 -0.1305261922200516 -0.49572243068690514
v -0.7010573846499779 -0.1305261922200516 -0.7010573846499779
v -0.4957224306869053 -0.1305261922200516 -0.8586164364012608
v -0.25660481229257065 -0.1305261922200516 -0.9576621969425486
v -6.070848880062641e-17 -0.1305261922200516 -0.9914448613738104
v 0.25660481229257054 -0.1305261922200516 -0.9576621969425486
v 0.49572243068690497 -0.1305261922200516 -0.858616436401261
v 0.7010573846499778 -0.1305261922200516 -0.7010573846499779
v 0.858616436401261 -0.1305261922200516 -0.49572243068690514
v 0.9576621969425485 -0.1305261922200516 -0.2566048122925709
v 0.9914448613738104 -0.1305261922200516 -1.2141697760125282e-16
v 0.9576621969425486 -0.1305261922200516 0.2566048122925707
v 0.8586164364012611 -0.1305261922200516 0.4957224306869049
v 0.7010573846499782 -0.1305261922200516 0.7010573846499775
v 0.49572243068690564 -0.1305261922200516 0.8586164364012607
v 0.25660481229257054 -0.1305261922200516 0.9576621969425486
v 1.821254664018792e-16 -0.1305261922200516 0.9914448613738104
v -0.2566048122925702 -0.1305261922200516 0.9576621969425487
v -0.4957224306869053 -0.1305261922200516 0.8586164364012608
v -0.7010573846499777 -0.1305261922200516 0.701057384649978
v -0.8586164364012606 -0.1305261922200516 0.49572243068690564
v -0.9576621969425484 -0.1305261922200516 0.2566048122925715
v -0.9914448613738104 -0.1305261922200516 2.4283395520250564e-16
v -1.0 6.123233995736766e-17 -0.0
v -0.9659258262890683 6.123233995736766e-17 -0.25881904510252074
v -0.8660254037844387 6.123233995736766e-17 -0.49999999999999994
v -0.7071067811865476 6.123233995736766e-17 -0.7071067811865476
v -0.5000000000000001 6.123233995736766e-17 -0.8660254037844386
v -0.25881904510252074 6.123233995736766e-17 -0.9659258262890683
v -6.123233995736766e-17 6.123233995736766e-17 -1.0
v 0.25881904510252063 6.123233995736766e-17 -0.9659258262890683
v 0.4999999999999998 6.123233995736766e-17 -0.8660254037844387
v 0.7071067811865475 6.123233995736766e-17 -0.7071067811865476
v 0.8660254037844387 6.123233995736766e-17 -0.49999999999999994
v 0.9659258262890682 6.123233995736766e-17 -0.258819045102521
v 1.0 6.123233995736766e-17 -1.2246467991473532e-16
v 0.9659258262890683 6.123233995736766e-17 0.2588190451025208
v 0.8660254037844388 6.123233995736766e-17 0.4999999999999997
v 0.7071067811865479 6.123233995736766e-17 0.7071067811865471
v 0.5000000000000004 6.123233995736766e-17 0.8660254037844385
v 0.25881904510252063 6.123233995736766e-17 0.9659258262890683
v 1.8369701987210297e-16 6.123233995736766e-17 1.0
v -0.2588190451025203 6.123233995736766e-17 0.9659258262890684
v -0.5000000000000001 6.123233995736766e-17 0.8660254037844386
v -0.7071067811865474 6.123233995736766e-17 0.7071067811865477
v -0.8660254037844384 6.123233995736766e-17 0.5000000000000004
v -0.9659258262890681 6.123233995736766e-17 0.25881904510252157
v -1.0 6.123233995736766e-17 2.4492935982947064e-16
v -0.9914448613738104 0.1305261922200517 -0.0
v -0.9576621969425486 0.1305261922200517 -0.25660481229257065
v -0.858616436401261 0.1305261922200517 -0.49572243068690514
v -0.7010573846499779 0.1305261922200517 -0.7010573846499779
v -0.4957224306869053 0.1305261922200517 -0.8586164364012608
v -0.25660481229257065 0.1305261922200517 -0.9576621969425486
v -6.070848880062641e-17 0.1305261922200517 -0.9914448613738104
v 0.25660481229257054 0.1305261922200517 -0.9576621969425486
v 0.49572243068690497 0.1305261922200517 -0.858616436401261
v 0.7010573846499778 0.1305261922200517 -0.7010573846499779
v 0.858616436401261 0.1305261922200517 -0.49572243068690514
v 0.9576621969425485 0.1305261922200517 -0.2566048122925709
v 0.9914448613738104 0.1305261922200517 -1.2141697760125282e-16
v 0.9576621969425486 0.1305261922200517 0.2566048122925707
v 0.8586164364012611 0.1305261922200517 0.4957224306869049
v 0.7010573846499782 0.1305261922200517 0.7010573846499775
v 0.49572243068690564 0.1305261922200517 0.8586164364012607
v 0.25660481229257054 0.1305261922200517 0.9576621969425486
v 1.821254664018792e-16 0.1305261922200517 0.9914448613738104
v -0.2566048122925702 0.1305261922200517 0.9576621969425487
v -0.4957224306869053 0.1305261922200517 0.8586164364012608
v -0.7010573846499777 0.1305261922200517 0.701057384649978
v -0.8586164364012606 0.1305261922200517 0.49572243068690564
v -0.9576621969425484 0.1305261922200517 0.2566048122925715
v -0.9914448613738104 0.1305261922200517 2.4283395520250564e-16
v -0.9659258262890683 0.25881904510252074 -0.0
v -0.9330127018922194 0.25881904510252074 -0.24999999999999997
v -0.8365163037378079 0.25881904510252074 -0.4829629131445341
v -0.6830127018922194 0.25881904510252074 -0.6830127018922194
v -0.48296291314453427 0.25881904510252074 -0.8365163037378078
v -0.24999999999999997 0.25881904510252074 -0.9330127018922194
v -5.914589856893349e-17 0.25881904510252074 -0.9659258262890683
v 0.2499999999999999 0.25881904510252074 -0.9330127018922194
v 0.48296291314453393 0.25881904510252074 -0.8365163037378079
v 0.6830127018922193 0.25881904510252074 -0.6830127018922194
v 0.8365163037378079 0.25881904510252074 -0.4829629131445341
v 0.9330127018922193 0.25881904510252074 -0.2500000000000003
v 0.9659258262890683 0.25881904510252074 -1.1829179713786698e-16
v 0.9330127018922194 0.25881904510252074 0.25000000000000006
v 0.836516303737808 0.25881904510252074 0.4829629131445339
v 0.6830127018922197 0.25881904510252074 0.683012701892219
v 0.4829629131445346 0.25881904510252074 0.8365163037378077
v 0.2499999999999999 0.25881904510252074 0.9330127018922194
v 1.7743769570680046e-16 0.25881904510252074 0.9659258262890683
v -0.24999999999999956 0.25881904510252074 0.9330127018922195
v -0.48296291314453427 0.25881904510252074 0.8365163037378078
v -0.6830127018922192 0.25881904510252074 0.6830127018922195
v -0.8365163037378076 0.25881904510252074 0.4829629131445346
v -0.9330127018922192 0.25881904510252074 0.2500000000000008
v -0.9659258262890683 0.25881904510252074 2.3658359427573397e-16
v -0.9238795325112868 0.3826834323650896 -0.0
v -0.8923991008325229 0.3826834323650896 -0.2391176183943345
v -0.8001031451912657 0.3826834323650896 -0.46193976625564337
v -0.6532814824381884 0.3826834323650896 -0.6532814824381884
v -0.46193976625564354 0.3826834323650896 -0.8001031451912656
v -0.2391176183943345 0.3826834323650896 -0.8923991008325229
v -5.657130561438503e-17 0.3826834323650896 -0.9238795325112868
v 0.23911761839433443 0.3826834323650896 -0.8923991008325229
v 0.4619397662556432 0.3826834323650896 -0.8001031451912657
v 0.6532814824381883 0.3826834323650896 -0.6532814824381884
v 0.8001031451912657 0.3826834323650896 -0.46193976625564337
v 0.8923991008325228 0.3826834323650896 -0.2391176183943348
v 0.9238795325112868 0.3826834323650896 -1.1314261122877005e-16
v 0.8923991008325229 0.3826834323650896 0.23911761839433457
v 0.8001031451912658 0.3826834323650896 0.46193976625564315
v 0.6532814824381887 0.3826834323650896 0.653281482438188
v 0.4619397662556438 0.3826834323650896 0.8001031451912655
v 0.23911761839433443 0.3826834323650896 0.8923991008325229
v 1.6971391684315505e-16 0.3826834323650896 0.9238795325112868
v -0.23911761839433412 0.3826834323650896 0.892399100832523
v -0.46193976625564354 0.3826834323650896 0.8001031451912656
v -0.6532814824381882 0.3826834323650896 0.6532814824381885
v -0.8001031451912654 0.3826834323650896 0.4619397662556438
v -0.8923991008325227 0.3826834323650896 0.2391176183943353
v -0.9238795325112868 0.3826834323650896 2.262852224575401e-16
v -0.8660254037844387 0.4999999999999999 -0.0
v -0.8365163037378079 0.4999999999999999 -0.2241438680420134
v -0.7500000000000001 0.4999999999999999 -0.4330127018922193
v -0.6123724356957946 0.4999999999999999 -0.6123724356957946
v -0.43301270189221946 0.4999999999999999 -0.75
v -0.2241438680420134 0.4999999999999999 -0.8365163037378079
v -5.3028761936245346e-17 0.4999999999999999 -0.8660254037844387
v 0.22414386804201328 0.4999999999999999 -0.8365163037378079
v 0.4330127018922192 0.4999999999999999 -0.7500000000000001
v 0.6123724356957945 0.4999999999999999 -0.6123724356957946
v 0.7500000000000001 0.4999999999999999 -0.4330127018922193
v 0.8365163037378079 0.4999999999999999 -0.2241438680420136
v 0.8660254037844387 0.4999999999999999 -1.0605752387249069e-16
v 0.8365163037378079 0.4999999999999999 0.22414386804201342
v 0.7500000000000002 0.4999999999999999 0.43301270189221913
v 0.6123724356957949 0.4999999999999999 0.6123724356957942
v 0.43301270189221974 0.4999999999999999 0.7499999999999999
v 0.22414386804201328 0.4999999999999999 0.8365163037378079
v 1.5908628580873602e-16 0.4999999999999999 0.8660254037844387
v -0.224143868042013 0.4999999999999999 0.836516303737808
v -0.43301270189221946 0.4999999999999999 0.75
v -0.6123724356957945 0.4999999999999999 0.6123724356957947
v -0.7499999999999998 0.4999999999999999 0.43301270189221974
v -0.8365163037378078 0.4999999999999999 0.2241438680420141
v -0.8660254037844387 0.4999999999999999 2.1211504774498138e-16
v -0.793353340291235 0.6087614290087208 -0.0
v -0.7663204807600036 0.6087614290087208 -0.20533495396307264
v -0.68706414686945 0.6087614290087208 -0.39667667014561747
v -0.5609855267969309 0.6087614290087208 -0.5609855267969309
v -0.39667667014561764 0.6087614290087208 -0.6870641468694499
v -0.20533495396307264 0.6087614290087208 -0.7663204807600036
v -4.8578881439026095e-17 0.6087614290087208 -0.793353340291235
v 0.20533495396307255 0.6087614290087208 -0.7663204807600036
v 0.39667667014561736 0.6087614290087208 -0.68706414686945
v 0.5609855267969309 0.6087614290087208 -0.5609855267969309
v 0.68706414686945 0.6087614290087208 -0.39667667014561747
v 0.7663204807600035 0.6087614290087208 -0.20533495396307286
v 0.793353340291235 0.6087614290087208 -9.715776287805219e-17
v 0.7663204807600036 0.6087614290087208 0.2053349539630727
v 0.6870641468694502 0.6087614290087208 0.3966766701456173
v 0.5609855267969313 0.6087614290087208 0.5609855267969306
v 0.39667667014561786 0.6087614290087208 0.6870641468694498
v 0.20533495396307255 0.6087614290087208 0.7663204807600036
v 1.4573664431707827e-16 0.6087614290087208 0.793353340291235
v -0.2053349539630723 0.6087614290087208 0.7663204807600037
v -0.39667667014561764 0.6087614290087208 0.6870641468694499
v -0.5609855267969308 0.6087614290087208 0.560985526796931
v -0.6870641468694498 0.6087614290087208 0.39667667014561786
v -0.7663204807600035 0.6087614290087208 0.2053349539630733
v -0.793353340291235 0.6087614290087208 1.9431552575610438e-16
v -0.7071067811865475 0.7071067811865476 -0.0
v -0.6830127018922193 0.7071067811865476 -0.1830127018922193
v -0.6123724356957945 0.7071067811865476 -0.3535533905932737
v -0.5 0.7071067811865476 -0.5
v -0.3535533905932738 0.7071067811865476 -0.6123724356957945
v -0.1830127018922193 0.7071067811865476 -0.6830127018922193
v -4.329780281177466e-17 0.7071067811865476 -0.7071067811865475
v 0.18301270189221922 0.7071067811865476 -0.6830127018922193
v 0.35355339059327356 0.7071067811865476 -0.6123724356957945
v 0.4999999999999999 0.7071067811865476 -0.5
v 0.6123724356957945 0.7071067811865476 -0.3535533905932737
v 0.6830127018922192 0.7071067811865476 -0.1830127018922195
v 0.7071067811865475 0.7071067811865476 -8.659560562354932e-17
v 0.6830127018922193 0.7071067811865476 0.18301270189221933
v 0.6123724356957946 0.7071067811865476 0.3535533905932735
v 0.5000000000000002 0.7071067811865476 0.49999999999999967
v 0.35355339059327406 0.7071067811865476 0.6123724356957944
v 0.18301270189221922 0.7071067811865476 0.6830127018922193
v 1.2989340843532398e-16 0.7071067811865476 0.7071067811865475
v -0.18301270189221897 0.7071067811865476 0.6830127018922194
v -0.3535533905932738 0.7071067811865476 0.6123724356957945
v -0.49999999999999983 0.7071067811865476 0.5000000000000001
v -0.6123724356957942 0.7071067811865476 0.35355339059327406
v -0.6830127018922191 0.7071067811865476 0.18301270189221988
v -0.7071067811865475 0.7071067811865476 1.7319121124709863e-16
v -0.6087614290087208 0.793353340291235 -0.0
v -0.5880183863281626 0.793353340291235 -0.15755905175128307
v -0.5272028623656693 0.793353340291235 -0.30438071450436033
v -0.4304593345768795 0.793353340291235 -0.4304593345768795
v -0.30438071450436044 0.793353340291235 -0.5272028623656693
v -0.15755905175128307 0.793353340291235 -0.5880183863281626
v -3.727588677399493e-17 0.793353340291235 -0.6087614290087208
v 0.157559051751283 0.793353340291235 -0.5880183863281626
v 0.3043807145043603 0.793353340291235 -0.5272028623656693
v 0.43045933457687946 0.793353340291235 -0.4304593345768795
v 0.5272028623656693 0.793353340291235 -0.30438071450436033
v 0.5880183863281625 0.793353340291235 -0.15755905175128324
v 0.6087614290087208 0.793353340291235 -7.455177354798985e-17
v 0.5880183863281626 0.793353340291235 0.15755905175128312
v 0.5272028623656694 0.793353340291235 0.3043807145043602
v 0.43045933457687974 0.793353340291235 0.43045933457687924
v 0.30438071450436066 0.793353340291235 0.5272028623656692
v 0.157559051751283 0.793353340291235 0.5880183863281626
v 1.1182766032198478e-16 0.793353340291235 0.6087614290087208
v -0.15755905175128282 0.793353340291235 0.5880183863281627
v -0.30438071450436044 0.793353340291235 0.5272028623656693
v -0.4304593345768794 0.793353340291235 0.43045933457687957
v -0.5272028623656692 0.793353340291235 0.30438071450436066
v -0.5880183863281625 0.793353340291235 0.1575590517512836
v -0.6087614290087208 0.793353340291235 1.491035470959797e-16
v -0.4999999999999999 0.8660254037844387 -0.0
v -0.48296291314453405 0.8660254037844387 -0.12940952255126034
v -0.43301270189221924 0.8660254037844387 -0.24999999999999992
v -0.35355339059327373 0.8660254037844387 -0.35355339059327373
v -0.25 0.8660254037844387 -0.4330127018922192
v -0.12940952255126034 0.8660254037844387 -0.48296291314453405
v -3.0616169978683824e-17 0.8660254037844387 -0.4999999999999999
v 0.1294095225512603 0.8660254037844387 -0.48296291314453405
v 0.24999999999999983 0.8660254037844387 -0.43301270189221924
v 0.3535533905932737 0.8660254037844387 -0.35355339059327373
v 0.43301270189221924 0.8660254037844387 -0.24999999999999992
v 0.482962913144534 0.8660254037844387 -0.12940952255126048
v 0.4999999999999999 0.8660254037844387 -6.123233995736765e-17
v 0.48296291314453405 0.8660254037844387 0.12940952255126037
v 0.4330127018922193 0.8660254037844387 0.2499999999999998
v 0.3535533905932739 0.8660254037844387 0.3535533905932735
v 0.25000000000000017 0.8660254037844387 0.43301270189221913
v 0.1294095225512603 0.8660254037844387 0.48296291314453405
v 9.184850993605146e-17 0.8660254037844387 0.4999999999999999
v -0.12940952255126012 0.8660254037844387 0.4829629131445341
v -0.25 0.8660254037844387 0.4330127018922192
v -0.3535533905932736 0.8660254037844387 0.3535533905932738
v -0.4330127018922191 0.8660254037844387 0.25000000000000017
v -0.48296291314453393 0.8660254037844387 0.12940952255126076
v -0.4999999999999999 0.8660254037844387 1.224646799147353e-16
v -0.38268343236508984 0.9238795325112867 -0.0
v -0.36964381061438617 0.9238795325112867 -0.09904576054128764
v -0.33141357403559185 0.9238795325112867 -0.1913417161825449
v -0.27059805007309856 0.9238795325112867 -0.27059805007309856
v -0.19134171618254497 0.9238795325112867 -0.33141357403559185
v -0.09904576054128764 0.9238795325112867 -0.36964381061438617
v -2.3432602026631496e-17 0.9238795325112867 -0.38268343236508984
v 0.0990457605412876 0.9238795325112867 -0.36964381061438617
v 0.19134171618254484 0.9238795325112867 -0.33141357403559185
v 0.2705980500730985 0.9238795325112867 -0.27059805007309856
v 0.33141357403559185 0.9238795325112867 -0.1913417161825449
v 0.36964381061438617 0.9238795325112867 -0.09904576054128773
v 0.38268343236508984 0.9238795325112867 -4.686520405326299e-17
v 0.36964381061438617 0.9238795325112867 0.09904576054128765
v 0.3314135740355919 0.9238795325112867 0.1913417161825448
v 0.2705980500730987 0.9238795325112867 0.2705980500730984
v 0.19134171618254509 0.9238795325112867 0.3314135740355918
v 0.0990457605412876 0.9238795325112867 0.36964381061438617
v 7.029780607989448e-17 0.9238795325112867 0.38268343236508984
v -0.09904576054128746 0.9238795325112867 0.3696438106143862
v -0.19134171618254497 0.9238795325112867 0.33141357403559185
v -0.27059805007309845 0.9238795325112867 0.2705980500730986
v -0.33141357403559174 0.9238795325112867 0.19134171618254509
v -0.3696438106143861 0.9238795325112867 0.09904576054128796
v -0.38268343236508984 0.9238795325112867 9.373040810652598e-17
v -0.25881904510252096 0.9659258262890682 -0.0
v -0.2500000000000002 0.9659258262890682 -0.06698729810778072
v -0.22414386804201356 0.9659258262890682 -0.12940952255126045
v -0.18301270189221946 0.9659258262890682 -0.18301270189221946
v -0.1294095225512605 0.9659258262890682 -0.22414386804201353
v -0.06698729810778072 0.9659258262890682 -0.2500000000000002
v -1.5848095757158837e-17 0.9659258262890682 -0.25881904510252096
v 0.06698729810778069 0.9659258262890682 -0.2500000000000002
v 0.12940952255126043 0.9659258262890682 -0.22414386804201356
v 0.18301270189221944 0.9659258262890682 -0.18301270189221946
v 0.22414386804201356 0.9659258262890682 -0.12940952255126045
v 0.25000000000000017 0.9659258262890682 -0.0669872981077808
v 0.25881904510252096 0.9659258262890682 -3.1696191514317674e-17
v 0.2500000000000002 0.9659258262890682 0.06698729810778074
v 0.2241438680420136 0.9659258262890682 0.1294095225512604
v 0.18301270189221958 0.9659258262890682 0.18301270189221935
v 0.1294095225512606 0.9659258262890682 0.2241438680420135
v 0.06698729810778069 0.9659258262890682 0.2500000000000002
v 4.754428727147651e-17 0.9659258262890682 0.25881904510252096
v -0.0669872981077806 0.9659258262890682 0.2500000000000002
v -0.1294095225512605 0.9659258262890682 0.22414386804201353
v -0.1830127018922194 0.9659258262890682 0.1830127018922195
v -0.22414386804201347 0.9659258262890682 0.1294095225512606
v -0.25000000000000017 0.9659258262890682 0.06698729810778094
v -0.25881904510252096 0.9659258262890682 6.339238302863535e-17
v -0.13052619222005193 0.9914448613738104 -0.0
v -0.12607862007251944 0.9914448613738104 -0.03378266443126191
v -0.11303899832181574 0.9914448613738104 -0.06526309611002595
v -0.0922959556412575 0.9914448613738104 -0.0922959556412575
v -0.06526309611002598 0.9914448613738104 -0.11303899832181573
v -0.03378266443126191 0.9914448613738104 -0.12607862007251944
v -7.992424175358938e-18 0.9914448613738104 -0.13052619222005193
v 0.0337826644312619 0.9914448613738104 -0.12607862007251944
v 0.06526309611002594 0.9914448613738104 -0.11303899832181574
v 0.09229595564125749 0.9914448613738104 -0.0922959556412575
v 0.11303899832181574 0.9914448613738104 -0.06526309611002595
v 0.1260786200725194 0.9914448613738104 -0.03378266443126195
v 0.13052619222005193 0.9914448613738104 -1.5984848350717876e-17
v 0.12607862007251944 0.9914448613738104 0.03378266443126192
v 0.11303899832181576 0.9914448613738104 0.06526309611002593
v 0.09229595564125756 0.9914448613738104 0.09229595564125745
v 0.06526309611002602 0.9914448613738104 0.11303899832181571
v 0.0337826644312619 0.9914448613738104 0.12607862007251944
v 2.3977272526076812e-17 0.9914448613738104 0.13052619222005193
v -0.033782664431261857 0.9914448613738104 0.12607862007251944
v -0.06526309611002598 0.9914448613738104 0.11303899832181573
v -0.09229595564125748 0.9914448613738104 0.09229595564125753
v -0.1130389983218157 0.9914448613738104 0.06526309611002602
v -0.12607862007251938 0.9914448613738104 0.03378266443126202
v -0.13052619222005193 0.9914448613738104 3.196969670143575e-17
v -6.123233995736766e-17 1.0 -0.0
v -5.914589856893349e-17 1.0 -1.5848095757158825e-17
v -5.3028761936245346e-17 1.0 -3.0616169978683824e-17
v -4.329780281177467e-17 1.0 -4.329780281177467e-17
v -3.0616169978683836e-17 1.0 -5.302876193624534e-17
v -1.5848095757158825e-17 1.0 -5.914589856893349e-17
v -3.749399456654644e-33 1.0 -6.123233995736766e-17
v 1.5848095757158815e-17 1.0 -5.914589856893349e-17
v 3.061616997868382e-17 1.0 -5.3028761936245346e-17
v 4.329780281177466e-17 1.0 -4.329780281177467e-17
v 5.3028761936245346e-17 1.0 -3.0616169978683824e-17
v 5.914589856893348e-17 1.0 -1.584809575715884e-17
v 6.123233995736766e-17 1.0 -7.498798913309288e-33
v 5.914589856893349e-17 1.0 1.5848095757158828e-17
v 5.302876193624536e-17 1.0 3.061616997868381e-17
v 4.329780281177469e-17 1.0 4.329780281177464e-17
v 3.0616169978683855e-17 1.0 5.3028761936245333e-17
v 1.5848095757158815e-17 1.0 5.914589856893349e-17
v 1.1248198369963932e-32 1.0 6.123233995736766e-17
v -1.5848095757158797e-17 1.0 5.914589856893349e-17
v -3.0616169978683836e-17 1.0 5.302876193624534e-17
v -4.329780281177465e-17 1.0 4.3297802811774677e-17
v -5.302876193624533e-17 1.0 3.0616169978683855e-17
v -5.914589856893348e-17 1.0 1.5848095757158874e-17
v -6.123233995736766e-17 1.0 1.4997597826618576e-32
i 0 1 25 1 26 25
i 1 2 26 2 27 26
i 2 3 27 3 28 27
i 3 4 28 4 29 28
i 4 5 29 5 30 29
i 5 6 30 6 31 30
i 6 7 31 7 32 31
i 7 8 32 8 33 32
i 8 9 33 9 34 33
i 9 10 34 10 35 34
i 10 11 35 11 36 35
i 11 12 36 12 37 36
i 12 13 37 13 38 37
i 13 14 38 14 39 38
i 14 15 39 15 40 39
i 15 16 40 16 41 40
i 16 17 41 17 42 41
i 17 18 42 18 43 42
i 18 19 43 19 44 43
i 19 20 44 20 45 44
i 20 21 45 21 46 45
i 21 22 46 22 47 46
i 22 23 47 23 48 47
i 23 24 48 24 49 48
i 25 26 50 26 51 50
i 26 27 51 27 52 51
i 27 28 52 28 53 52
i 28 29 53 29 54 53
i 29 30 54 30 55 54
i 30 31 55 31 56 55
i 31 32 56 32 57 56
i 32 33 57 33 58 57
i 33 34 58 34 59 58
i 34 35 59 35 60 59
i 35 36 60 36 61 60
i 36 37 61 37 62 61
i 37 38 62 38 63 62
i 38 39 63 39 64 63
i 39 40 64 40 65 64
i 40 41 65 41 66 65
i 41 42 66 42 67 66
i 42 43 67 43 68 67
i 43 44 68 44 69 68
i 44 45 69 45 70 69
i 45 46 70 46 71 70
i 46 47 71 47 72 71
i 47 48 72 48 73 72
i 48 49 73 49 74 73
i 50 51 75 51 76 75
i 51 52 76 52 77 76
i 52 53 77 53 78 77
i 53 54 78 54 79 78
i 54 55 79 55 80 79
i 55 56 80 56 81 80
i 56 57 81 57 82 81
i 57 58 82 58 83 82
i 58 59 83 59 84 83
i 59 60 84 60 85 84
i 60 61 85 61 86 85
i 61 62 86 62 87 86
i 62 63 87 63 88 87
i 63 64 88 64 89 88
i 64 65 89 65 90 89
i 65 66 90 66 91 90
i 66 67 91 67 92 91
i 67 68 92 68 93 92
i 68 69 93 69 94 93
i 69 70 94 70 95 94
i 70 71 95 71 96 95
i 71 72 96 72 97 96
i 72 73 97 73 98 97
i 73 74 98 74 99 98
i 75 76 100 76 101 100
i 76 77 101 77 102 101
i 77 78 102 78 103 102
i 78 79 103 79 104 103
i 79 80 104 80 105 104
i 80 81 105 81 106 105
i 81 82 106 82 107 106
i 82 83 107 83 108 107
i 83 84 108 84 109 108
i 84 85 109 85 110 109
i 85 86 110 86 111 110
i 86 87 111 87 112 111
i 87 88 112 88 113 112
i 88 89 113 89 114 113
i 89 90 114 90 115 114
i 90 91 115 91 116 115
i 91 92 116 92 117 116
i 92 93 117 93 118 117
i 93 94 118 94 119 118
i 94 95 119 95 120 119
i 95 96 120 96 121 120
i 96 97 121 97 122 121
i 97 98 122 98 123 122
i 98 99 123 99 124 123
i 100 101 125 101 126 125
i 101 102 126 102 127 126
i 102 103 127 103 128 127
i 103 104 128 104 129 128
i 104 105 129 105 130 129
i 105 106 130 106 131 130
i 106 107 131 107 132 131
i 107 108 132 108 133 132
i 108 109 133 109 134 133
i 109 110 134 110 135 134
i 110 111 135 111 136 135
i 111 112 136 112 137 136
i 112 113 137 113 138 137
i 113 114 138 114 139 138
i 114 115 139 115 140 139
i 115 116 140 116 141 140
i 116 117 141 117 142 141
i 117 118 142 118 143 142
i 118 119 143 119 144 143
i 119 120 144 120 145 144
i 120 121 145 121 146 145
i 121 122 146 122 147 146
i 122 123 147 123 148 147
i 123 124 148 124 149 148
i 125 126 150 126 151 150
i 126 127 151 127 152 151
i 127 128 152 128 153 152
i 128 129 153 129 154 153
i 129 130 154 130 155 154
i 130 131 155 131 156 155
i 131 132 156 132 157 156
i 132 133 157 133 158 157
i 133 134 158 134 159 158
i 134 135 159 135 160 159
i 135 136 160 136 161 160
i 136 137 161 137 162 161
i 137 138 162 138 163 162
i 138 139 163 139 164 163
i 139 140 164 140 165 164
i 140 141 165 141 166 165
i 141 142 166 142 167 166
i 142 143 167 143 168 167
i 143 144 168 144 169 168
i 144 145 169 145 170 169
i 145 146 170 146 171 170
i 146 147 171 147 172 171
i 147 148 172 148 173 172
i 148 149 173 149 174 173
i 150 151 175 151 176 175
i 151 152 176 152 177 176
i 152 153 177 153 178 177
i 153 154 178 154 179 178
i 154 155 179 155 180 179
i 155 156 180 156 181 180
i 156 157 181 157 182 181
i 157 158 182 158 183 182
i 158 159 183 159 184 183
i 159 160 184 160 185 184
i 160 161 185 161 186 185
i 161 162 186 162 187 186
i 162 163 187 163 188 187
i 163 164 188 164 189 188
i 164 165 189 165 190 189
i 165 166 190 166 191 190
i 166 167 191 167 192 191
i 167 168 192 168 193 192
i 168 169 193 169 194 193
i 169 170 194 170 195 194
i 170 171 195 171 196 195
i 171 172 196 172 197 196
i 172 173 197 173 198 197
i 173 174 198 174 199 198
i 175 176 200 176 201 200
i 176 177 201 177 202 201
i 177 178 202 178 203 202
i 178 179 203 179 204 203
i 179 180 204 180 205 204
i 180 181 205 181 206 205
i 181 182 206 182 207 206
i 182 183 207 183 208 207
i 183 184 208 184 209 208
i 184 185 209 185 210 209
i 185 186 210 186 211 210
i 186 187 211 187 212 211
i 187 188 212 188 213 212
i 188 189 213 189 214 213
i 189 190 214 190 215 214
i 190 191 215 191 216 215
i 191 192 216 192 217 216
i 192 193 217 193 218 217
i 193 194 218 194 219 218
i 194 195 219 195 220 219
i 195 196 220 196 221 220
i 196 197 221 197 222 221
i 197 198 222 198 223 222
i 198 199 223 199 224 223
i 200 201 225 201 226 225
i 201 202 226 202 227 226
i 202 203 227 203 228 227
i 203 204 228 204 229 228
i 204 205 229 205 230 229
i 205 206 230 206 231 230
i 206 207 231 207 232 231
i 207 208 232 208 233 232
i 208 209 233 209 234 233
i 209 210 234 210 235 234
i 210 211 235 211 236 235
i 211 212 236 212 237 236
i 212 213 237 213 238 237
i 213 214 238 214 239 238
i 214 215 239 215 240 239
i 215 216 240 216 241 240
i 216 217 241 217 242 241
i 217 218 242 218 243 242
i 218 219 243 219 244 243
i 219 220 244 220 245 244
i 220 221 245 221 246 245
i 221 222 246 222 247 246
i 222 223 247 223 248 247
i 223 224 248 224 249 248
i 225 226 250 226 251 250
i 226 227 251 227 252 251
i 227 228 252 228 253 252
i 228 229 253 229 254 253
i 229 230 254 230 255 254
i 230 231 255 231 256 255
i 231 232 256 232 257 256
i 232 233 257 233 258 257
i 233 234 258 234 259 258
i 234 235 259 235 260 259
i 235 236 260 236 261 260
i 236 237 261 237 262 261
i 237 238 262 238 263 262
i 238 239 263 239 264 263
i 239 240 264 240 265 264
i 240 241 265 241 266 265
i 241 242 266 242 267 266
i 242 243 267 243 268 267
i 243 244 268 244 269 268
i 244 245 269 245 270 269
i 245 246 270 246 271 270
i 246 247 271 247 272 271
i 247 248 272 248 273 272
i 248 249 273 249 274 273
i 250 251 275 251 276 275
i 251 252 276 252 277 276
i 252 253 277 253 278 277
i 253 254 278 254 279 278
i 254 255 279 255 280 279
i 255 256 280 256 281 280
i 256 257 281 257 282 281
i 257 258 282 258 283 282
i 258 259 283 259 284 283
i 259 260 284 260 285 284
i 260 261 285 261 286 285
i 261 262 286 262 287 286
i 262 263 287 263 288 287
i 263 264 288 264 289 288
i 264 265 289 265 290 289
i 265 266 290 266 291 290
i 266 267 291 267 292 291
i 267 268 292 268 293 292
i 268 269 293 269 294 293
i 269 270 294 270 295 294
i 270 271 295 271 296 295
i 271 272 296 272 297 296
i 272 273 297 273 298 297
i 273 274 298 274 299 298
i 275 276 300 276 301 300
i 276 277 301 277 302 301
i 277 278 302 278 303 302
i 278 279 303 279 304 303
i 279 280 304 280 305 304
i 280 281 305 281 306 305
i 281 282 306 282 307 306
i 282 283 307 283 308 307
i 283 284 308 284 309 308
i 284 285 309 285 310 309
i 285 286 310 286 311 310
i 286 287 311 287 312 311
i 287 288 312 288 313 312
i 288 289 313 289 314 313
i 289 290 314 290 315 314
i 290 291 315 291 316 315
i 291 292 316 292 317 316
i 292 293 317 293 318 317
i 293 294 318 294 319 318
i 294 295 319 295 320 319
i 295 296 320 296 321 320
i 296 297 321 297 322 321
i 297 298 322 298 323 322
i 298 299 323 299 324 323
i 300 301 325 301 326 325
i 301 302 326 302 327 326
i 302 303 327 303 328 327
i 303 304 328 304 329 328
i 304 305 329 305 330 329
i 305 306 330 306 331 330
i 306 307 331 307 332 331
i 307 308 332 308 333 332
i 308 309 333 309 334 333
i 309 310 334 310 335 334
i 310 311 335 311 336 335
i 311 312 336 312 337 336
i 312 313 337 313 338 337
i 313 314 338 314 339 338
i 314 315 339 315 340 339
i 315 316 340 316 341 340
i 316 317 341 317 342 341
i 317 318 342 318 343 342
i 318 319 343 319 344 343
i 319 320 344 320 345 344
i 320 321 345 321 346 345
i 321 322 346 322 347 346
i 322 323 347 323 348 347
i 323 324 348 324 349 348
i 325 326 350 326 351 350
i 326 327 351 327 352 351
i 327 328 352 328 353 352
i 328 329 353 329 354 353
i 329 330 354 330 355 354
i 330 331 355 331 356 355
i 331 332 356 332 357 356
i 332 333 357 333 358 357
i 333 334 358 334 359 358
i 334 335 359 335 360 359
i 335 336 360 336 361 360
i 336 337 361 337 362 361
i 337 338 362 338 363 362
i 338 339 363 339 364 363
i 339 340 364 340 365 364
i 340 341 365 341 366 365
i 341 342 366 342 367 366
i 342 343 367 343 368 367
i 343 344 368 344 369 368
i 344 345 369 345 370 369
i 345 346 370 346 371 370
i 346 347 371 347 372 371
i 347 348 372 348 373 372
i 348 349 373 349 374 373
i 350 351 375 351 376 375
i 351 352 376 352 377 376
i 352 353 377 353 378 377
i 353 354 378 354 379 378
i 354 355 379 355 380 379
i 355 356 380 356 381 380
i 356 357 381 357 382 381
i 357 358 382 358 383 382
i 358 359 383 359 384 383
i 359 360 384 360 385 384
i 360 361 385 361 386 385
i 361 362 386 362 387 386
i 362 363 387 363 388 387
i 363 364 388 364 389 388
i 364 365 389 365 390 389
i 365 366 390 366 391 390
i 366 367 391 367 392 391
i 367 368 392 368 393 392
i 368 369 393 369 394 393
i 369 370 394 370 395 394
i 370 371 395 371 396 395
i 371 372 396 372 397 396
i 372 373 397 373 398 397
i 373 374 398 374 399 398
i 375 376 400 376 401 400
i 376 377 401 377 402 401
i 377 378 402 378 403 402
i 378 379 403 379 404 403
i 379 380 404 380 405 404
i 380 381 405 381 406 405
i 381 382 406 382 407 406
i 382 383 407 383 408 407
i 383 384 408 384 409 408
i 384 385 409 385 410 409
i 385 386 410 386 411 410
i 386 387 411 387 412 411
i 387 388 412 388 413 412
i 388 389 413 389 414 413
i 389 390 414 390 415 414
i 390 391 415 391 416 415
i 391 392 416 392 417 416
i 392 393 417 393 418 417
i 393 394 418 394 419 418
i 394 395 419 395 420 419
i 395 396 420 396 421 420
i 396 397 421 397 422 421
i 397 398 422 398 423 422
i 398 399 423 399 424 423
i 400 401 425 401 426 425
i 401 402 426 402 427 426
i 402 403 427 403 428 427
i 403 404 428 404 429 428
i 404 405 429 405 430 429
i 405 406 430 406 431 430
i 406 407 431 407 432 431
i 407 408 432 408 433 432
i 408 409 433 409 434 433
i 409 410 434 410 435 434
i 410 411 435 411 436 435
i 411 412 436 412 437 436
i 412 413 437 413 438 437
i 413 414 438 414 439 438
i 414 415 439 415 440 439
i 415 416 440 416 441 440
i 416 417 441 417 442 441
i 417 418 442 418 443 442
i 418 419 443 419 444 443
i 419 420 444 420 445 444
i 420 421 445 421 446 445
i 421 422 446 422 447 446
i 422 423 447 423 448 447
i 423 424 448 424 449 448
i 425 426 450 426 451 450
i 426 427 451 427 452 451
i 427 428 452 428 453 452
i 428 429 453 429 454 453
i 429 430 454 430 455 454
i 430 431 455 431 456 455
i 431 432 456 432 457 456
i 432 433 457 433 458 457
i 433 434 458 434 459 458
i 434 435 459 435 460 459
i 435 436 460 436 461 460
i 436 437 461 437 462 461
i 437 438 462 438 463 462
i 438 439 463 439 464 463
i 439 440 464 440 465 464
i 440 441 465 441 466 465
i 441 442 466 442 467 466
i 442 443 467 443 468 467
i 443 444 468 444 469 468
i 444 445 469 445 470 469
i 445 446 470 446 471 470
i 446 447 471 447 472 471
i 447 448 472 448 473 472
i 448 449 473 449 474 473
i 450 451 475 451 476 475
i 451 452 476 452 477 476
i 452 453 477 453 478 477
i 453 454 478 454 479 478
i 454 455 479 455 480 479
i 455 456 480 456 481 480
i 456 457 481 457 482 481
i 457 458 482 458 483 482
i 458 459 483 459 484 483
i 459 460 484 460 485 484
i 460 461 485 461 486 485
i 461 462 486 462 487 486
i 462 463 487 463 488 487
i 463 464 488 464 489 488
i 464 465 489 465 490 489
i 465 466 490 466 491 490
i 466 467 491 467 492 491
i 467 468 492 468 493 492
i 468 469 493 469 494 493
i 469 470 494 470 495 494
i 470 471 495 471 496 495
i 471 472 496 472 497 496
i 472 473 497 473 498 497
i 473 474 498 474 499 498
i 475 476 500 476 501 500
i 476 477 501 477 502 501
i 477 478 502 478 503 502
i 478 479 503 479 504 503
i 479 480 504 480 505 504
i 480 481 505 481 506 505
i 481 482 506 482 507 506
i 482 483 507 483 508 507
i 483 484 508 484 509 508
i 484 485 509 485 510 509
i 485 486 510 486 511 510
i 486 487 511 487 512 511
i 487 488 512 488 513 512
i 488 489 513 489 514 513
i 489 490 514 490 515 514
i 490 491 515 491 516 515
i 491 492 516 492 517 516
i 492 493 517 493 518 517
i 493 494 518 494 519 518
i 494 495 519 495 520 519
i 495 496 520 496 521 520
i 496 497 521 497 522 521
i 497 498 522 498 523 522
i 498 499 523 499 524 523
i 500 501 525 501 526 525
i 501 502 526 502 527 526
i 502 503 527 503 528 527
i 503 504 528 504 529 528
i 504 505 529 505 530 529
i 505 506 530 506 531 530
i 506 507 531 507 532 531
i 507 508 532 508 533 532
i 508 509 533 509 534 533
i 509 510 534 510 535 534
i 510 511 535 511 536 535
i 511 512 536 512 537 536
i 512 513 537 513 538 537
i 513 514 538 514 539 538
i 514 515 539 515 540 539
i 515 516 540 516 541 540
i 516 517 541 517 542 541
i 517 518 542 518 543 542
i 518 519 543 519 544 543
i 519 520 544 520 545 544
i 520 521 545 521 546 545
i 521 522 546 522 547 546
i 522 523 547 523 548 547
i 523 524 548 524 549 548
i 525 526 550 526 551 550
i 526 527 551 527 552 551
i 527 528 552 528 553 552
i 528 529 553 529 554 553
i 529 530 554 530 555 554
i 530 531 555 531 556 555
i 531 532 556 532 557 556
i 532 533 557 533 558 557
i 533 534 558 534 559 558
i 534 535 559 535 560 559
i 535 536 560 536 561 560
i 536 537 561 537 562 561
i 537 538 562 538 563 562
i 538 539 563 539 564 563
i 539 540 564 540 565 564
i 540 541 565 541 566 565
i 541 542 566 542 567 566
i 542 543 567 543 568 567
i 543 544 568 544 569 568
i 544 545 569 545 570 569
i 545 546 570 546 571 570
i 546 547 571 547 572 571
i 547 548 572 548 573 572
i 548 549 573 549 574 573
i 550 551 575 551 576 575
i 551 552 576 552 577 576
i 552 553 577 553 578 577
i 553 554 578 554 579 578
i 554 555 579 555 580 579
i 555 556 580 556 581 580
i 556 557 581 557 582 581
i 557 558 582 558 583 582
i 558 559 583 559 584 583
i 559 560 584 560 585 584
i 560 561 585 561 586 585
i 561 562 586 562 587 586
i 562 563 587 563 588 587
i 563 564 588 564 589 588
i 564 565 589 565 590 589
i 565 566 590 566 591 590
i 566 567 591 567 592 591
i 567 568 592 568 593 592
i 568 569 593 569 594 593
i 569 570 594 570 595 594
i 570 571 595 571 596 595
i 571 572 596 572 597 596
i 572 573 597 573 598 597
i 573 574 598 574 599 598
i 575 576 600 576 601 600
i 576 577 601 577 602 601
i 577 578 602 578 603 602
i 578 579 603 579 604 603
i 579 580 604 580 605 604
i 580 581 605 581 606 605
i 581 582 606 582 607 606
i 582 583 607 583 608 607
i 583 584 608 584 609 608
i 584 585 609 585 610 609
i 585 586 610 586 611 610
i 586 587 611 587 612 611
i 587 588 612 588 613 612
i 588 589 613 589 614 613
i 589 590 614 590 615 614
i 590 591 615 591 616 615
i 591 592 616 592 617 616
i 592 593 617 593 618 617
i 593 594 618 594 619 618
i 594 595 619 595 620 619
i 595 596 620 596 621 620
i 596 597 621 597 622 621
i 597 598 622 598 623 622
i 598 599 623 599 624 623